start=1.835000
volume=130.000000
