start=146.919365
volume=106.000000
