start=20.621000
speed=1.030745
fullscreen=yes
