start=7.717000
volume=130.000000
