start=6.605000
volume=130.000000
fullscreen=yes
