start=1.401000
speed=1.100000
